52

1	2	180
2	1	180
2	3	180
3	2	180
3	4	120
4	3	120
4	5	120
5	4	120
5	6	180
6	5	180
6	7	120
7	6	120
7	8	180
8	7	180
8	9	120
9	8	120
9	10	120
10	9	120
10	11	120
11	10	120
11	12	180
12	11	180
12	13	120
13	12	120
13	14	180
14	13	180
14	15	180
15	14	180
15	16	120
16	15	120
16	17	120
17	16	120
17	18	120
18	17	120
10	40	180
11	26	180
19	20	120
20	19	120
20	21	120
21	20	120
21	22	180
22	21	180
22	23	180
23	22	180
23	24	120
24	23	120
24	25	120
25	24	120
25	26	120
26	25	120
26	27	120
27	26	120
27	28	120
28	27	120
28	29	120
29	28	120
29	30	60
30	29	60
30	31	120
31	30	120
31	32	60
32	31	60
32	33	120
33	32	120
33	34	180
34	33	180
34	35	240
35	34	240
35	36	120
36	35	120
26	11	180
27	41	180
37	38	120
38	37	120
38	39	240
39	38	240
39	40	300
40	39	300
40	41	120
41	40	120
41	42	120
42	41	120
42	43	120
43	42	120
43	44	120
44	43	120
44	45	180
45	44	180
45	46	420
46	45	420
46	47	120
47	46	120
47	48	240
48	47	240
48	49	240
49	48	240
49	50	120
50	49	120
50	51	120
51	50	120
51	52	120
52	51	120
40	10	180
41	27	180