67

1	2	180
2	1	180
2	3	360
3	2	360
3	4	120
4	3	120
4	5	180
5	4	180
5	6	180
6	5	180
6	7	180
7	6	180
7	8	180
8	7	180
8	9	180
9	8	180
9	10	120
10	9	120
10	11	120
11	10	120
11	12	120
12	11	120
12	13	120
13	12	120
13	14	120
14	13	120
14	15	180
15	14	180
15	16	240
16	15	240
16	17	120
17	16	120
17	18	180
18	17	180
18	19	120
19	18	120
20	21	180
21	20	180
21	22	120
22	21	120
22	23	180
23	22	180
23	24	180
24	23	180
24	25	180
25	24	180
25	26	240
26	25	240
26	27	120
27	26	120
27	28	240
28	27	240
28	29	120
29	28	120
29	30	180
30	29	180
30	31	120
31	30	120
31	32	120
32	31	120
32	33	120
33	32	120
33	34	120
34	33	120
34	35	180
35	34	180
35	36	240
36	35	240
36	37	180
37	36	180
38	39	240
39	38	240
39	40	240
40	39	240
40	41	180
41	40	180
41	42	180
42	41	180
42	43	300
43	42	300
43	44	180
44	43	180
44	45	180
45	44	180
45	46	180
46	45	180
46	47	240
47	46	240
48	49	240
49	48	240
49	50	120
50	49	120
50	51	120
51	50	120
51	52	180
52	51	180
52	53	180
53	52	180
53	54	180
54	53	180
54	55	120
55	54	120
56	57	180
57	56	180
57	58	180
58	57	180
58	59	240
59	58	240
59	60	120
60	59	120
60	61	180
61	60	180
61	62	180
62	61	180
62	63	240
63	62	240
63	64	180
64	63	180
64	65	180
65	64	180
65	66	180
66	65	180
66	67	180
67	66	180
10	41	120
11	49	120
12	63	120
13	30	60
28	40	120
29	48	180
29	62	180
30	13	60
40	28	120
41	10	120
42	51	120
48	62	180
48	29	180
49	11	120
51	42	120
62	48	180
62	29	180
63	12	120